{
  "schema": "armature_topology_v1",
  "exported_at": "2026-05-05T00:46:40",
  "blender_version": "4.5.1 LTS",
  "object": {
    "name": "Armature",
    "data_name": "Armature",
    "matrix_world": [
      [
        0.012255696579813957,
        0.0,
        0.0,
        0.0
      ],
      [
        0.0,
        0.012472245842218399,
        -4.351845745986793e-06,
        0.011279389262199402
      ],
      [
        0.0,
        4.538053872238379e-06,
        0.013005676679313183,
        0.03731215372681618
      ],
      [
        0.0,
        0.0,
        0.0,
        1.0
      ]
    ],
    "location": [
      0.0,
      0.0,
      0.0
    ],
    "rotation_euler": [
      -1.570447325706482,
      0.0,
      0.0
    ],
    "scale": [
      1.0,
      1.0,
      1.0
    ]
  },
  "bone_count": 603,
  "root_bones": [
    "Hips"
  ],
  "bones": [
    {
      "name": "Hips",
      "basename": "Hips",
      "parent": null,
      "children": [
        "Spine",
        "Upper_leg.L",
        "Upper_leg.R",
        "Butt.L",
        "Butt.R",
        "CYCRDress_BRoot",
        "CYCRLegRoot",
        "CYCRDress_ARoot"
      ],
      "index": 0,
      "use_connect": false,
      "use_deform": true,
      "head_local": [
        5.293955920339377e-23,
        -1.6132104396820068,
        79.35272979736328
      ],
      "tail_local": [
        -5.92176530034294e-10,
        -1.6107267141342163,
        86.46820068359375
      ],
      "head_world": [
        6.488111746658915e-25,
        -0.00918629951775074,
        1.0693408250808716
      ],
      "tail_world": [
        -7.25753571823029e-12,
        -0.00918628741055727,
        1.1618822813034058
      ],
      "length": 7.115471363067627,
      "roll": null,
      "matrix_local": [
        [
          1.0,
          -8.322379591030327e-11,
          2.3841855067985307e-07,
          5.293955920339377e-23
        ],
        [
          2.3841856489070778e-07,
          0.0003490598755888641,
          -0.9999999403953552,
          -1.6132104396820068
        ],
        [
          1.4363510381087963e-15,
          0.9999999403953552,
          0.0003490447998046875,
          79.35272979736328
        ],
        [
          0.0,
          0.0,
          0.0,
          1.0
        ]
      ]
    },
    {
      "name": "Spine",
      "basename": "Spine",
      "parent": "Hips",
      "children": [
        "Chest"
      ],
      "index": 1,
      "use_connect": false,
      "use_deform": true,
      "head_local": [
        2.730871084821729e-13,
        -1.6120936870574951,
        82.552001953125
      ],
      "tail_local": [
        -7.536947732589283e-10,
        -1.608931303024292,
        91.61152648925781
      ],
      "head_world": [
        3.3468728141564444e-15,
        -0.009186293929815292,
        1.1109495162963867
      ],
      "tail_world": [
        -9.237054697519564e-12,
        -0.009186276234686375,
        1.2287747859954834
      ],
      "length": 9.059524536132812,
      "roll": null,
      "matrix_local": [
        [
          0.9999268651008606,
          -8.322378203251546e-11,
          -0.01209297776222229,
          2.731148640577885e-13
        ],
        [
          -0.012092976830899715,
          0.00034906729706563056,
          -0.9999268054962158,
          -1.6120936870574951
        ],
        [
          4.221164090267848e-06,
          0.9999999403953552,
          0.0003490266972221434,
          82.552001953125
        ],
        [
          0.0,
          0.0,
          0.0,
          1.0
        ]
      ]
    },
    {
      "name": "Chest",
      "basename": "Chest",
      "parent": "Spine",
      "children": [
        "Neck",
        "Shoulder.L",
        "Shoulder.R",
        "Breast_root.L",
        "Breast_root.R",
        "CYCRBowknotRoot"
      ],
      "index": 2,
      "use_connect": false,
      "use_deform": true,
      "head_local": [
        -5.875979147695887e-10,
        -1.608931303024292,
        91.61152648925781
      ],
      "tail_local": [
        1.1964581858592283e-07,
        0.8699672222137451,
        104.071044921875
      ],
      "head_world": [
        -7.2014217505911304e-12,
        -0.009186276234686375,
        1.2287747859954834
      ],
      "tail_world": [
        1.4663428249406252e-09,
        0.021676933392882347,
        1.390830397605896
      ],
      "length": 12.703721046447754,
      "roll": null,
      "matrix_local": [
        [
          1.0,
          1.0011717677116394e-08,
          2.4121254682540894e-07,
          -5.875978592584374e-10
        ],
        [
          2.3562461137771606e-07,
          0.19513167440891266,
          -0.9807770848274231,
          -1.608931303024292
        ],
        [
          -5.6678800319787115e-08,
          0.9807769656181335,
          0.19513162970542908,
          91.61152648925781
        ],
        [
          0.0,
          0.0,
          0.0,
          1.0
        ]
      ]
    },
    {
      "name": "Neck",
      "basename": "Neck",
      "parent": "Chest",
      "children": [
        "Head"
      ],
      "index": 3,
      "use_connect": false,
      "use_deform": true,
      "head_local": [
        2.3117239322800742e-07,
        1.73433518409729,
        109.1886215209961
      ],
      "tail_local": [
        4.986560497854953e-08,
        1.2757536172866821,
        113.23208618164062
      ],
      "head_world": [
        2.8331788026747518e-09,
        0.03243527188897133,
        1.4573919773101807
      ],
      "tail_world": [
        6.111377515161109e-10,
        0.02669813297688961,
        1.50997793674469
      ],
      "length": 4.069386959075928,
      "roll": null,
      "matrix_local": [
        [
          -1.0,
          -4.455385749224661e-08,
          3.812351110354939e-07,
          2.381250396865653e-07
        ],
        [
          3.828250214610307e-07,
          -0.11269058287143707,
          0.9936301708221436,
          1.7343347072601318
        ],
        [
          -1.5170513734119595e-09,
          0.9936301708221436,
          0.11269056797027588,
          109.18861389160156
        ],
        [
          0.0,
          0.0,
          0.0,
          1.0
        ]
      ]
    },
    {
      "name": "Head",
      "basename": "Head",
      "parent": "Neck",
      "children": [
        "CRYCRCrownRoot"
      ],
      "index": 4,
      "use_connect": false,
      "use_deform": true,
      "head_local": [
        4.844771339662657e-08,
        1.2757525444030762,
        113.23208618164062
      ],
      "tail_local": [
        -3.612095156313444e-07,
        0.9960147738456726,
        133.7843780517578
      ],
      "head_world": [
        5.937604852235268e-10,
        0.026698119938373566,
        1.50997793674469
      ],
      "tail_world": [
        -4.426874422591709e-09,
        0.023119721561670303,
        1.7772730588912964
      ],
      "length": 20.554195404052734,
      "roll": null,
      "matrix_local": [
        [
          1.0,
          -1.9930588734951016e-08,
          -2.3344423993876262e-07,
          5.5400263931915106e-08
        ],
        [
          -2.326914199102248e-07,
          -0.013609781861305237,
          -0.9999074339866638,
          1.275752067565918
        ],
        [
          1.6960225224238457e-08,
          0.9999072551727295,
          -0.01360977441072464,
          113.2320785522461
        ],
        [
          0.0,
          0.0,
          0.0,
          1.0
        ]
      ]
    },
    {
      "name": "CRYCRCrownRoot",
      "basename": "CRYCRCrownRoot",
      "parent": "Head",
      "children": [],
      "index": 5,
      "use_connect": false,
      "use_deform": true,
      "head_local": [
        -2.3156617956487935e-08,
        0.9960149526596069,
        133.7843780517578
      ],
      "tail_local": [
        -4.3283975514896156e-07,
        1.003190517425537,
        154.33856201171875
      ],
      "head_world": [
        -2.838004831140495e-10,
        0.023119723424315453,
        1.7772730588912964
      ],
      "tail_world": [
        -5.304752637158572e-09,
        0.023119769990444183,
        2.0445942878723145
      ],
      "length": 20.554189682006836,
      "roll": null,
      "matrix_local": [
        [
          1.0,
          -1.9931858830091187e-08,
          4.170033207628876e-10,
          -1.6204040775846806e-08
        ],
        [
          1.4264145420384011e-09,
          0.0003491062670946121,
          -0.9999999403953552,
          0.9960140585899353
        ],
        [
          2.0140317857908485e-08,
          0.9999997615814209,
          0.0003491109237074852,
          133.78436279296875
        ],
        [
          0.0,
          0.0,
          0.0,
          1.0
        ]
      ]
    },
    {
      "name": "Shoulder.L",
      "basename": "Shoulder",
      "parent": "Chest",
      "children": [
        "Upper_arm.L"
      ],
      "index": 6,
      "use_connect": false,
      "use_deform": true,
      "head_local": [
        4.441794395446777,
        1.8345885276794434,
        106.11173248291016
      ],
      "tail_local": [
        8.102092742919922,
        1.8345887660980225,
        106.11173248291016
      ],
      "head_world": [
        0.05443728342652321,
        0.033699046820402145,
        1.4173753261566162
      ],
      "tail_world": [
        0.09929679334163666,
        0.033699050545692444,
        1.4173753261566162
      ],
      "length": 3.6602983474731445,
      "roll": null,
      "matrix_local": [
        [
          2.2998047199962457e-07,
          0.9999998211860657,
          -6.06537966518772e-08,
          4.441794395446777
        ],
        [
          -0.9584096670150757,
          7.26530515748891e-08,
          0.28539592027664185,
          1.8345882892608643
        ],
        [
          0.28539586067199707,
          4.2158418978033296e-08,
          0.9584096074104309,
          106.11172485351562
        ],
        [
          0.0,
          0.0,
          0.0,
          1.0
        ]
      ]
    },
    {
      "name": "Upper_arm.L",
      "basename": "Upper_arm",
      "parent": "Shoulder.L",
      "children": [
        "Lower_arm.L",
        "Upper_arm_support.L",
        "CYCRGlove_ACCRoot_L"
      ],
      "index": 7,
      "use_connect": false,
      "use_deform": true,
      "head_local": [
        8.102093696594238,
        1.8345853090286255,
        106.11172485351562
      ],
      "tail_local": [
        25.026729583740234,
        1.8298640251159668,
        106.11173248291016
      ],
      "head_world": [
        0.09929680079221725,
        0.03369900584220886,
        1.4173753261566162
      ],
      "tail_world": [
        0.3067200183868408,
        0.033640120178461075,
        1.4173753261566162
      ],
      "length": 16.924640655517578,
      "roll": null,
      "matrix_local": [
        [
          -0.0002776621258817613,
          0.9999998211860657,
          2.510020749468822e-05,
          8.102092742919922
        ],
        [
          -0.9958082437515259,
          -0.00027895919629372656,
          0.09146411716938019,
          1.8345850706100464
        ],
        [
          0.09146405756473541,
          4.5078922994434834e-07,
          0.9958082437515259,
          106.1117172241211
        ],
        [
          0.0,
          0.0,
          0.0,
          1.0
        ]
      ]
    },
    {
      "name": "Lower_arm.L",
      "basename": "Lower_arm",
      "parent": "Upper_arm.L",
      "children": [
        "Hand.L",
        "Lower_arm_support.L",
        "CYCRGlove_ACC_AL_1"
      ],
      "index": 8,
      "use_connect": false,
      "use_deform": true,
      "head_local": [
        28.155902862548828,
        1.828989028930664,
        106.11172485351562
      ],
      "tail_local": [
        47.586280822753906,
        1.56858229637146,
        106.11182403564453
      ],
      "head_world": [
        0.3450702130794525,
        0.03362920880317688,
        1.4173753261566162
      ],
      "tail_world": [
        0.5832030177116394,
        0.030381351709365845,
        1.4173753261566162
      ],
      "length": 19.432125091552734,
      "roll": null,
      "matrix_local": [
        [
          -0.013364850543439388,
          0.9999101161956787,
          0.0009791706688702106,
          28.155902862548828
        ],
        [
          -0.9972096681594849,
          -0.013400835916399956,
          0.07343840599060059,
          1.828988790512085
        ],
        [
          0.07344487309455872,
          5.103996954858303e-06,
          0.9972991943359375,
          106.1117172241211
        ],
        [
          0.0,
          0.0,
          0.0,
          1.0
        ]
      ]
    },
    {
      "name": "Hand.L",
      "basename": "Hand",
      "parent": "Lower_arm.L",
      "children": [
        "Thumb Proximal.L",
        "Index Proximal.L",
        "Middle Proximal.L",
        "Ring Proximal.L",
        "Little Proximal.L"
      ],
      "index": 9,
      "use_connect": false,
      "use_deform": true,
      "head_local": [
        48.40473937988281,
        1.5576130151748657,
        106.11182403564453
      ],
      "tail_local": [
        53.98651123046875,
        1.5911731719970703,
        106.11181640625
      ],
      "head_world": [
        0.5932338237762451,
        0.03024454042315483,
        1.4173752069473267
      ],
      "tail_world": [
        0.66164231300354,
        0.030663110315799713,
        1.4173754453659058
      ],
      "length": 5.581873416900635,
      "roll": null,
      "matrix_local": [
        [
          0.006001054309308529,
          0.9999818205833435,
          -0.00037101958878338337,
          48.40473937988281
        ],
        [
          -0.9980615377426147,
          0.006012346129864454,
          0.06194204092025757,
          1.557612657546997
        ],
        [
          0.06194308400154114,
          -1.3668322935700417e-06,
          0.9980795979499817,
          106.11181640625
        ],
        [
          0.0,
          0.0,
          0.0,
          1.0
        ]
      ]
    },
    {
      "name": "Thumb Proximal.L",
      "basename": "Thumb Proximal",
      "parent": "Hand.L",
      "children": [
        "Thumb Intermediate.L"
      ],
      "index": 10,
      "use_connect": false,
      "use_deform": true,
      "head_local": [
        49.79777145385742,
        -0.7904895544052124,
        105.25614929199219
      ],
      "tail_local": [
        51.81581115722656,
        -2.1295764446258545,
        104.90995788574219
      ],
      "head_world": [
        0.6103063821792603,
        0.000962150632403791,
        1.4062360525131226
      ],
      "tail_world": [
        0.6350388526916504,
        -0.015737762674689293,
        1.4017274379730225
      ],
      "length": 2.4465250968933105,
      "roll": null,
      "matrix_local": [
        [
          -0.5634795427322388,
          0.8248594403266907,
          0.045798514038324356,
          49.79777145385742
        ],
        [
          -0.8162549734115601,
          -0.5473423600196838,
          -0.18478047847747803,
          -0.7904902696609497
        ],
        [
          -0.1273505836725235,
          -0.14150333404541016,
          0.9817119836807251,
          105.25614166259766
        ],
        [
          0.0,
          0.0,
          0.0,
          1.0
        ]
      ]
    },
    {
      "name": "Thumb Intermediate.L",
      "basename": "Thumb Intermediate",
      "parent": "Thumb Proximal.L",
      "children": [
        "Thumb Distal.L"
      ],
      "index": 11,
      "use_connect": false,
      "use_deform": true,
      "head_local": [
        51.81581115722656,
        -2.129570960998535,
        104.9099349975586
      ],
      "tail_local": [
        53.674190521240234,
        -2.978973388671875,
        104.4400863647461
      ],
      "head_world": [
        0.6350388526916504,
        -0.01573769375681877,
        1.4017271995544434
      ],
      "tail_world": [
        0.657814621925354,
        -0.026329606771469116,
        1.3956127166748047
      ],
      "length": 2.0966200828552246,
      "roll": null,
      "matrix_local": [
        [
          -0.45901402831077576,
          0.886368989944458,
          0.06046321615576744,
          51.81581115722656
        ],
        [
          -0.8321862816810608,
          -0.4051293730735779,
          -0.3785971999168396,
          -2.1295716762542725
        ],
        [
          -0.31108158826828003,
          -0.2240981161594391,
          0.9235843420028687,
          104.90992736816406
        ],
        [
          0.0,
          0.0,
          0.0,
          1.0
        ]
      ]
    },
    {
      "name": "Thumb Distal.L",
      "basename": "Thumb Distal",
      "parent": "Thumb Intermediate.L",
      "children": [],
      "index": 12,
      "use_connect": false,
      "use_deform": true,
      "head_local": [
        53.674190521240234,
        -2.9789698123931885,
        104.4400863647461
      ],
      "tail_local": [
        55.53849792480469,
        -3.815845489501953,
        103.97125244140625
      ],
      "head_world": [
        0.657814621925354,
        -0.026329562067985535,
        1.3956127166748047
      ],
      "tail_world": [
        0.680662989616394,
        -0.036765240132808685,
        1.3895113468170166
      ],
      "length": 2.096618413925171,
      "roll": null,
      "matrix_local": [
        [
          -0.4244174063205719,
          0.8891972899436951,
          0.1708737313747406,
          53.674190521240234
        ],
        [
          -0.9021592140197754,
          -0.39915505051612854,
          -0.16365715861320496,
          -2.978970527648926
        ],
        [
          -0.07731856405735016,
          -0.22361432015895844,
          0.9716059565544128,
          104.44007873535156
        ],
        [
          0.0,
          0.0,
          0.0,
          1.0
        ]
      ]
    },
    {
      "name": "Index Proximal.L",
      "basename": "Index Proximal",
      "parent": "Hand.L",
      "children": [
        "Index Intermediate.L"
      ],
      "index": 13,
      "use_connect": false,
      "use_deform": true,
      "head_local": [
        54.646053314208984,
        -0.6122087240219116,
        105.92692565917969
      ],
      "tail_local": [
        57.15290832519531,
        -0.5948428511619568,
        105.96560668945312
      ],
      "head_world": [
        0.6697254776954651,
        0.003182793967425823,
        1.4149607419967651
      ],
      "tail_world": [
        0.7004486918449402,
        0.003399216802790761,
        1.4154638051986694
      ],
      "length": 2.507213830947876,
      "roll": null,
      "matrix_local": [
        [
          0.005579748190939426,
          0.9998568892478943,
          -0.01596439629793167,
          54.646053314208984
        ],
        [
          -0.9963059425354004,
          0.006926408037543297,
          0.08559340983629227,
          -0.6122093200683594
        ],
        [
          0.0856916755437851,
          0.015427886508405209,
          0.9962022304534912,
          105.92691802978516
        ],
        [
          0.0,
          0.0,
          0.0,
          1.0
        ]
      ]
    },
    {
      "name": "Index Intermediate.L",
      "basename": "Index Intermediate",
      "parent": "Index Proximal.L",
      "children": [
        "Index Distal.L"
      ],
      "index": 14,
      "use_connect": true,
      "use_deform": true,
      "head_local": [
        57.15290832519531,
        -0.5948428511619568,
        105.96560668945312
      ],
      "tail_local": [
        58.80183410644531,
        -0.5612999200820923,
        105.90987396240234
      ],
      "head_world": [
        0.7004486918449402,
        0.003399216802790761,
        1.4154638051986694
      ],
      "tail_world": [
        0.7206574082374573,
        0.003817815100774169,
        1.4147392511367798
      ],
      "length": 1.6502084732055664,
      "roll": null,
      "matrix_local": [
        [
          0.02311643213033676,
          0.9992226362228394,
          0.03192853182554245,
          57.15290832519531
        ],
        [
          -0.9961654543876648,
          0.02032647840678692,
          0.08509457856416702,
          -0.594843327999115
        ],
        [
          0.08437938243150711,
          -0.033773139119148254,
          0.9958611726760864,
          105.9655990600586
        ],
        [
          0.0,
          0.0,
          0.0,
          1.0
        ]
      ]
    },
    {
      "name": "Index Distal.L",
      "basename": "Index Distal",
      "parent": "Index Intermediate.L",
      "children": [],
      "index": 15,
      "use_connect": true,
      "use_deform": true,
      "head_local": [
        58.80183410644531,
        -0.5612999200820923,
        105.90987396240234
      ],
      "tail_local": [
        60.445823669433594,
        -0.47119268774986267,
        105.79867553710938
      ],
      "head_world": [
        0.7206574082374573,
        0.003817815100774169,
        1.4147392511367798
      ],
      "tail_world": [
        0.7408056855201721,
        0.004942138679325581,
        1.4132933616638184
      ],
      "length": 1.6502083539962769,
      "roll": null,
      "matrix_local": [
        [
          0.060867033898830414,
          0.9962316155433655,
          0.06178548187017441,
          58.80183410644531
        ],
        [
          -0.9936438202857971,
          0.05460355058312416,
          0.09844035655260086,
          -0.5613003969192505
        ],
        [
          0.09469564259052277,
          -0.06738448143005371,
          0.9932231307029724,
          105.90986633300781
        ],
        [
          0.0,
          0.0,
          0.0,
          1.0
        ]
      ]
    },
    {
      "name": "Middle Proximal.L",
      "basename": "Middle Proximal",
      "parent": "Hand.L",
      "children": [
        "Middle Intermediate.L"
      ],
      "index": 16,
      "use_connect": false,
      "use_deform": true,
      "head_local": [
        54.902198791503906,
        0.7974132299423218,
        105.91392517089844
      ],
      "tail_local": [
        57.63064956665039,
        0.7877805829048157,
        105.99406433105469
      ],
      "head_world": [
        0.6728646755218506,
        0.020764002576470375,
        1.4147980213165283
      ],
      "tail_world": [
        0.7063037753105164,
        0.020643513649702072,
        1.4158402681350708
      ],
      "length": 2.729645013809204,
      "roll": null,
      "matrix_local": [
        [
          -0.006046677008271217,
          0.9995625615119934,
          -0.02894524484872818,
          54.902198791503906
        ],
        [
          -0.9962660074234009,
          -0.003528888337314129,
          0.08626358211040497,
          0.7974128723144531
        ],
        [
          0.08612364530563354,
          0.029358824715018272,
          0.9958516955375671,
          105.9139175415039
        ],
        [
          0.0,
          0.0,
          0.0,
          1.0
        ]
      ]
    },
    {
      "name": "Middle Intermediate.L",
      "basename": "Middle Intermediate",
      "parent": "Middle Proximal.L",
      "children": [
        "Middle Distal.L"
      ],
      "index": 17,
      "use_connect": false,
      "use_deform": true,
      "head_local": [
        57.63064956665039,
        0.7877818942070007,
        105.99407196044922
      ],
      "tail_local": [
        59.250064849853516,
        0.7821158766746521,
        105.9383316040039
      ],
      "head_world": [
        0.7063037753105164,
        0.020643528550863266,
        1.4158403873443604
      ],
      "tail_world": [
        0.7261508107185364,
        0.020573103800415993,
        1.4151153564453125
      ],
      "length": 1.6203844547271729,
      "roll": null,
      "matrix_local": [
        [
          -0.0005550173809751868,
          0.999401867389679,
          0.0345722958445549,
          57.63064956665039
        ],
        [
          -0.9963677525520325,
          -0.0034967123065143824,
          0.08508118987083435,
          0.7877815365791321
        ],
        [
          0.08515113592147827,
          -0.03439945727586746,
          0.9957739114761353,
          105.99406433105469
        ],
        [
          0.0,
          0.0,
          0.0,
          1.0
        ]
      ]
    },
    {
      "name": "Middle Distal.L",
      "basename": "Middle Distal",
      "parent": "Middle Intermediate.L",
      "children": [],
      "index": 18,
      "use_connect": false,
      "use_deform": true,
      "head_local": [
        59.250064849853516,
        0.7821143865585327,
        105.93832397460938
      ],
      "tail_local": [
        60.867347717285156,
        0.7931172847747803,
        105.83870697021484
      ],
      "head_world": [
        0.7261508107185364,
        0.0205730851739645,
        1.4151153564453125
      ],
      "tail_world": [
        0.7459717392921448,
        0.020710749551653862,
        1.413819670677185
      ],
      "length": 1.6203856468200684,
      "roll": null,
      "matrix_local": [
        [
          0.01009069662541151,
          0.9980852007865906,
          0.06102260202169418,
          59.250064849853516
        ],
        [
          -0.9985150098800659,
          0.006790293380618095,
          0.05404970794916153,
          0.7821140289306641
        ],
        [
          0.05353177711367607,
          -0.06147734448313713,
          0.9966718554496765,
          105.93831634521484
        ],
        [
          0.0,
          0.0,
          0.0,
          1.0
        ]
      ]
    },
    {
      "name": "Ring Proximal.L",
      "basename": "Ring Proximal",
      "parent": "Hand.L",
      "children": [
        "Ring Intermediate.L"
      ],
      "index": 19,
      "use_connect": false,
      "use_deform": true,
      "head_local": [
        54.46000671386719,
        2.017141580581665,
        105.65933227539062
      ],
      "tail_local": [
        56.78401565551758,
        2.094635486602783,
        105.67012023925781
      ],
      "head_world": [
        0.6674453020095825,
        0.035977862775325775,
        1.4114924669265747
      ],
      "tail_world": [
        0.6959276795387268,
        0.03694433718919754,
        1.4116331338882446
      ],
      "length": 2.3253257274627686,
      "roll": null,
      "matrix_local": [
        [
          0.032805029302835464,
          0.999433696269989,
          -0.007482560351490974,
          54.46000671386719
        ],
        [
          -0.9957629442214966,
          0.033326033502817154,
          0.08570554107427597,
          2.017141342163086
        ],
        [
          0.08590631186962128,
          0.004639335907995701,
          0.9962923526763916,
          105.6593246459961
        ],
        [
          0.0,
          0.0,
          0.0,
          1.0
        ]
      ]
    },
    {
      "name": "Ring Intermediate.L",
      "basename": "Ring Intermediate",
      "parent": "Ring Proximal.L",
      "children": [
        "Ring Distal.L"
      ],
      "index": 20,
      "use_connect": false,
      "use_deform": true,
      "head_local": [
        56.78401565551758,
        2.0946333408355713,
        105.67010498046875
      ],
      "tail_local": [
        58.34442138671875,
        2.1032819747924805,
        105.60576629638672
      ],
      "head_world": [
        0.6959276795387268,
        0.03694431111216545,
        1.4116328954696655
      ],
      "tail_world": [
        0.715051531791687,
        0.0370524600148201,
        1.4107961654663086
      ],
      "length": 1.5617557764053345,
      "roll": null,
      "matrix_local": [
        [
          0.009038522839546204,
          0.9991356730461121,
          0.0405723974108696,
          56.78401565551758
        ],
        [
          -0.996316134929657,
          0.005537761840969324,
          0.08557736128568649,
          2.094632863998413
        ],
        [
          0.08527866005897522,
          -0.04119637981057167,
          0.9955049753189087,
          105.67009735107422
        ],
        [
          0.0,
          0.0,
          0.0,
          1.0
        ]
      ]
    },
    {
      "name": "Ring Distal.L",
      "basename": "Ring Distal",
      "parent": "Ring Intermediate.L",
      "children": [],
      "index": 21,
      "use_connect": true,
      "use_deform": true,
      "head_local": [
        58.34442138671875,
        2.1032819747924805,
        105.60576629638672
      ],
      "tail_local": [
        59.90279006958008,
        2.045156240463257,
        105.52098846435547
      ],
      "head_world": [
        0.715051531791687,
        0.0370524600148201,
        1.4107961654663086
      ],
      "tail_world": [
        0.7341504096984863,
        0.036327868700027466,
        1.4096933603286743
      ],
      "length": 1.5617552995681763,
      "roll": null,
      "matrix_local": [
        [
          -0.0324341282248497,
          0.9978316426277161,
          0.057270705699920654,
          58.34442138671875
        ],
        [
          -0.9957243800163269,
          -0.03721821308135986,
          0.08454377949237823,
          2.1032814979553223
        ],
        [
          0.08649192005395889,
          -0.054283685982227325,
          0.9947724342346191,
          105.60575866699219
        ],
        [
          0.0,
          0.0,
          0.0,
          1.0
        ]
      ]
    },
    {
      "name": "Little Proximal.L",
      "basename": "Little Proximal",
      "parent": "Hand.L",
      "children": [
        "Little Intermediate.L"
      ],
      "index": 22,
      "use_connect": false,
      "use_deform": true,
      "head_local": [
        53.89517593383789,
        3.2263693809509277,
        105.24456024169922
      ],
      "tail_local": [
        55.777069091796875,
        3.277761220932007,
        105.34942626953125
      ],
      "head_world": [
        0.6605229377746582,
        0.05106145143508911,
        1.406103491783142
      ],
      "tail_world": [
        0.683586835861206,
        0.051701970398426056,
        1.4074676036834717
      ],
      "length": 1.885513424873352,
      "roll": null,
      "matrix_local": [
        [
          0.022449061274528503,
          0.9980799555778503,
          -0.057724811136722565,
          53.89517593383789
        ],
        [
          -0.9961022138595581,
          0.027256185188889503,
          0.08388863503932953,
          3.2263691425323486
        ],
        [
          0.08530087023973465,
          0.055616650730371475,
          0.9948016405105591,
          105.24455261230469
        ],
        [
          0.0,
          0.0,
          0.0,
          1.0
        ]
      ]
    },
    {
      "name": "Little Intermediate.L",
      "basename": "Little Intermediate",
      "parent": "Little Proximal.L",
      "children": [
        "Little Distal.L"
      ],
      "index": 23,
      "use_connect": true,
      "use_deform": true,
      "head_local": [
        55.777069091796875,
        3.277761220932007,
        105.34942626953125
      ],
      "tail_local": [
        57.0969123840332,
        3.2371835708618164,
        105.3179702758789
      ],
      "head_world": [
        0.683586835861206,
        0.051701970398426056,
        1.4074676036834717
      ],
      "tail_world": [
        0.6997624635696411,
        0.051196012645959854,
        1.4070582389831543
      ],
      "length": 1.320841670036316,
      "roll": null,
      "matrix_local": [
        [
          -0.028529124334454536,
          0.9992440938949585,
          0.026401199400424957,
          55.777069091796875
        ],
        [
          -0.9957587718963623,
          -0.030721057206392288,
          0.0867210105061531,
          3.2777609825134277
        ],
        [
          0.08746647089719772,
          -0.023815114051103592,
          0.9958826899528503,
          105.34941864013672
        ],
        [
          0.0,
          0.0,
          0.0,
          1.0
        ]
      ]
    },
    {
      "name": "Little Distal.L",
      "basename": "Little Distal",
      "parent": "Little Intermediate.L",
      "children": [],
      "index": 24,
      "use_connect": true,
      "use_deform": true,
      "head_local": [
        57.0969123840332,
        3.2371835708618164,
        105.3179702758789
      ],
      "tail_local": [
        58.4081916809082,
        3.0903255939483643,
        105.2579345703125
      ],
      "head_world": [
        0.6997624635696411,
        0.051196012645959854,
        1.4070582389831543
      ],
      "tail_world": [
        0.7158330678939819,
        0.04936462268233299,
        1.406276822090149
      ],
      "length": 1.3208427429199219,
      "roll": null,
      "matrix_local": [
        [
          -0.10664563626050949,
          0.9927597045898438,
          0.055269598960876465,
          57.0969123840332
        ],
        [
          -0.9899957180023193,
          -0.11118505895137787,
          0.08686772733926773,
          3.2371833324432373
        ],
        [
          0.09238385409116745,
          -0.04545258358120918,
          0.9946854710578918,
          105.31796264648438
        ],
        [
          0.0,
          0.0,
          0.0,
          1.0
        ]
      ]
    },
    {
      "name": "Lower_arm_support.L",
      "basename": "Lower_arm_support",
      "parent": "Lower_arm.L",
      "children": [],
      "index": 25,
      "use_connect": false,
      "use_deform": true,
      "head_local": [
        48.40488052368164,
        1.5833390951156616,
        106.11180877685547
      ],
      "tail_local": [
        67.83676147460938,
        1.4855726957321167,
        106.11184692382812
      ],
      "head_world": [
        0.5932355523109436,
        0.030565401539206505,
        1.4173752069473267
      ],
      "tail_world": [
        0.8313867449760437,
        0.029346033930778503,
        1.4173753261566162
      ],
      "length": 19.43212890625,
      "roll": null,
      "matrix_local": [
        [
          -0.005030993837863207,
          0.9999872446060181,
          1.1736818123608828e-05,
          48.404884338378906
        ],
        [
          -0.9999836087226868,
          -0.005031171254813671,
          0.0027131885290145874,
          1.5833388566970825
        ],
        [
          0.002713151276111603,
          1.9629369489848614e-06,
          0.9999963045120239,
          106.11180114746094
        ],
        [
          0.0,
          0.0,
          0.0,
          1.0
        ]
      ]
    },
    {
      "name": "CYCRGlove_ACC_AL_1",
      "basename": "CYCRGlove_ACC_AL_1",
      "parent": "Lower_arm.L",
      "children": [
        "CYCRGlove_ACC_AL_tip"
      ],
      "index": 26,
      "use_connect": false,
      "use_deform": true,
      "head_local": [
        45.940948486328125,
        1.2274880409240723,
        106.07551574707031
      ],
      "tail_local": [
        35.274803161621094,
        1.2274880409240723,
        106.07551574707031
      ],
      "head_world": [
        0.5630383491516113,
        0.026127297431230545,
        1.4169015884399414
      ],
      "tail_world": [
        0.4323172867298126,
        0.026127297431230545,
        1.4169015884399414
      ],
      "length": 10.666145324707031,
      "roll": null,
      "matrix_local": [
        [
          4.976755008101463e-08,
          -1.0,
          1.6059493646025658e-07,
          45.940948486328125
        ],
        [
          0.00034894049167633057,
          3.2887328416109085e-09,
          -0.9999999403953552,
          1.2274878025054932
        ],
        [
          0.9999999403953552,
          -4.0745362639427185e-10,
          0.0003488585352897644,
          106.07550811767578
        ],
        [
          0.0,
          0.0,
          0.0,
          1.0
        ]
      ]
    },
    {
      "name": "CYCRGlove_ACC_AL_tip",
      "basename": "CYCRGlove_ACC_AL_tip",
      "parent": "CYCRGlove_ACC_AL_1",
      "children": [],
      "index": 27,
      "use_connect": true,
      "use_deform": true,
      "head_local": [
        35.274803161621094,
        1.2274880409240723,
        106.07551574707031
      ],
      "tail_local": [
        24.608657836914062,
        1.2274882793426514,
        106.07552337646484
      ],
      "head_world": [
        0.4323172867298126,
        0.026127297431230545,
        1.4169015884399414
      ],
      "tail_world": [
        0.3015962541103363,
        0.026127301156520844,
        1.416901707649231
      ],
      "length": 10.666145324707031,
      "roll": null,
      "matrix_local": [
        [
          7.654724072381214e-07,
          -1.0,
          1.4178004903442343e-07,
          35.274803161621094
        ],
        [
          0.0003482485481072217,
          2.2352832473870876e-08,
          -0.9999999403953552,
          1.2274878025054932
        ],
        [
          0.9999999403953552,
          7.152906960072869e-07,
          0.00034816659172065556,
          106.07550811767578
        ],
        [
          0.0,
          0.0,
          0.0,
          1.0
        ]
      ]
    },
    {
      "name": "Upper_arm_support.L",
      "basename": "Upper_arm_support",
      "parent": "Upper_arm.L",
      "children": [],
      "index": 28,
      "use_connect": false,
      "use_deform": true,
      "head_local": [
        28.179664611816406,
        1.8317378759384155,
        106.11172485351562
      ],
      "tail_local": [
        45.104087829589844,
        1.7465813159942627,
        106.11176300048828
      ],
      "head_world": [
        0.3453614115715027,
        0.033663492649793625,
        1.4173753261566162
      ],
      "tail_world": [
        0.5527819991111755,
        0.03260139748454094,
        1.4173754453659058
      ],
      "length": 16.924638748168945,
      "roll": null,
      "matrix_local": [
        [
          -0.004771239589899778,
          0.9999872446060181,
          0.0015967932995408773,
          28.179664611816406
        ],
        [
          -0.9481509923934937,
          -0.005031514447182417,
          0.3177802264690399,
          1.8317376375198364
        ],
        [
          0.3177841603755951,
          2.2538588382303715e-06,
          0.9481629133224487,
          106.1117172241211
        ],
        [
          0.0,
          0.0,
          0.0,
          1.0
        ]
      ]
    },
    {
      "name": "CYCRGlove_ACCRoot_L",
      "basename": "CYCRGlove_ACCRoot_L",
      "parent": "Upper_arm.L",
      "children": [
        "CYCRGlove_ACC_BL_1",
        "CYCRGlove_ACC_CL_1"
      ],
      "index": 29,
      "use_connect": false,
      "use_deform": true,
      "head_local": [
        18.416473388671875,
        1.837328314781189,
        108.73413848876953
      ],
      "tail_local": [
        18.645414352416992,
        1.4587655067443848,
        108.81047058105469
      ],
      "head_world": [
        0.22570671141147614,
        0.03372180461883545,
        1.451481580734253
      ],
      "tail_world": [
        0.22851254045963287,
        0.028999943286180496,
        1.4524725675582886
      ],
      "length": 0.44894346594810486,
      "roll": null,
      "matrix_local": [
        [
          -0.08784545212984085,
          0.509954571723938,
          0.8557040095329285,
          18.416473388671875
        ],
        [
          0.14557455480098724,
          -0.8432305455207825,
          0.517465353012085,
          1.8373279571533203
        ],
        [
          0.9854394793510437,
          0.17002560198307037,
          -0.00016235560178756714,
          108.734130859375
        ],
        [
          0.0,
          0.0,
          0.0,
          1.0
        ]
      ]
    },
    {
