{
  "schema": "armature_topology_v1",
  "exported_at": "2026-05-05T00:52:30",
  "blender_version": "4.5.1 LTS",
  "object": {
    "name": "Armature.001",
    "data_name": "Armature.001",
    "matrix_world": [
      [
        1.0,
        0.0,
        0.0,
        0.0
      ],
      [
        0.0,
        7.549790126404332e-08,
        -1.0,
        0.0
      ],
      [
        0.0,
        1.0,
        7.549790126404332e-08,
        0.0
      ],
      [
        0.0,
        0.0,
        0.0,
        1.0
      ]
    ],
    "location": [
      0.0,
      0.0,
      0.0
    ],
    "rotation_euler": [
      1.570796251296997,
      -0.0,
      0.0
    ],
    "scale": [
      1.0,
      1.0,
      1.0
    ]
  },
  "bone_count": 181,
  "root_bones": [
    "p_cf_body_00"
  ],
  "bones": [
    {
      "name": "p_cf_body_00",
      "basename": "p_cf_body_00",
      "parent": null,
      "children": [
        "cf_j_root",
        "cf_o_root"
      ],
      "index": 0,
      "use_connect": false,
      "use_deform": true,
      "head_local": [
        0.0,
        0.0,
        0.0
      ],
      "tail_local": [
        0.0,
        0.5717499852180481,
        0.0
      ],
      "head_world": [
        0.0,
        0.0,
        0.0
      ],
      "tail_world": [
        0.0,
        4.3165922392063294e-08,
        0.5717499852180481
      ],
      "length": 0.5717499852180481,
      "roll": null,
      "matrix_local": [
        [
          1.0,
          0.0,
          0.0,
          0.0
        ],
        [
          0.0,
          0.9999999403953552,
          0.0,
          0.0
        ],
        [
          0.0,
          0.0,
          1.0,
          0.0
        ],
        [
          0.0,
          0.0,
          0.0,
          1.0
        ]
      ]
    },
    {
      "name": "cf_j_root",
      "basename": "cf_j_root",
      "parent": "p_cf_body_00",
      "children": [
        "cf_n_height"
      ],
      "index": 1,
      "use_connect": false,
      "use_deform": true,
      "head_local": [
        0.0,
        0.0,
        0.0
      ],
      "tail_local": [
        0.0,
        0.009999999776482582,
        0.0
      ],
      "head_world": [
        0.0,
        0.0,
        0.0
      ],
      "tail_world": [
        0.0,
        7.549789682315122e-10,
        0.009999999776482582
      ],
      "length": 0.009999990463256836,
      "roll": null,
      "matrix_local": [
        [
          1.0,
          0.0,
          0.0,
          0.0
        ],
        [
          0.0,
          0.9999999403953552,
          0.0,
          -5.9604641222676946e-08
        ],
        [
          0.0,
          0.0,
          1.0,
          0.0
        ],
        [
          0.0,
          0.0,
          0.0,
          1.0
        ]
      ]
    },
    {
      "name": "cf_n_height",
      "basename": "cf_n_height",
      "parent": "cf_j_root",
      "children": [
        "cf_j_hips"
      ],
      "index": 2,
      "use_connect": false,
      "use_deform": true,
      "head_local": [
        0.0,
        0.0,
        0.0
      ],
      "tail_local": [
        0.0,
        1.1434999704360962,
        0.0
      ],
      "head_world": [
        0.0,
        0.0,
        0.0
      ],
      "tail_world": [
        0.0,
        8.633184478412659e-08,
        1.1434999704360962
      ],
      "length": 1.1435000896453857,
      "roll": null,
      "matrix_local": [
        [
          1.0,
          0.0,
          0.0,
          0.0
        ],
        [
          0.0,
          0.9999999403953552,
          0.0,
          -6.984918599073353e-08
        ],
        [
          0.0,
          0.0,
          1.0,
          0.0
        ],
        [
          0.0,
          0.0,
          0.0,
          1.0
        ]
      ]
    },
    {
      "name": "cf_j_hips",
      "basename": "cf_j_hips",
      "parent": "cf_n_height",
      "children": [
        "cf_j_spine01",
        "cf_j_waist01"
      ],
      "index": 3,
      "use_connect": true,
      "use_deform": true,
      "head_local": [
        0.0,
        1.1434999704360962,
        0.0
      ],
      "tail_local": [
        0.0,
        1.153499960899353,
        0.0
      ],
      "head_world": [
        0.0,
        8.633184478412659e-08,
        1.1434999704360962
      ],
      "tail_world": [
        0.0,
        8.708682486258112e-08,
        1.153499960899353
      ],
      "length": 0.00999999139457941,
      "roll": null,
      "matrix_local": [
        [
          1.0,
          0.0,
          0.0,
          0.0
        ],
        [
          0.0,
          0.9999999403953552,
          0.0,
          1.1434998512268066
        ],
        [
          0.0,
          0.0,
          1.0,
          0.0
        ],
        [
          0.0,
          0.0,
          0.0,
          1.0
        ]
      ]
    },
    {
      "name": "cf_j_spine01",
      "basename": "cf_j_spine01",
      "parent": "cf_j_hips",
      "children": [
        "cf_j_spine02",
        "cf_s_spine01"
      ],
      "index": 4,
      "use_connect": false,
      "use_deform": true,
      "head_local": [
        0.0,
        1.1484999656677246,
        0.0
      ],
      "tail_local": [
        0.0,
        1.1936205625534058,
        0.0
      ],
      "head_world": [
        0.0,
        8.670933482335386e-08,
        1.1484999656677246
      ],
      "tail_world": [
        0.0,
        9.011584722884436e-08,
        1.1936205625534058
      ],
      "length": 0.04512060061097145,
      "roll": null,
      "matrix_local": [
        [
          1.0,
          0.0,
          0.0,
          0.0
        ],
        [
          0.0,
          0.9999998807907104,
          0.0,
          1.148499846458435
        ],
        [
          0.0,
          0.0,
          1.0,
          0.0
        ],
        [
          0.0,
          0.0,
          0.0,
          1.0
        ]
      ]
    },
    {
      "name": "cf_j_spine02",
      "basename": "cf_j_spine02",
      "parent": "cf_j_spine01",
      "children": [
        "cf_j_spine03",
        "cf_s_spine02"
      ],
      "index": 5,
      "use_connect": false,
      "use_deform": true,
      "head_local": [
        0.0,
        1.2384999990463257,
        -0.006593849044293165
      ],
      "tail_local": [
        0.0,
        1.2837862968444824,
        -0.006593849044293165
      ],
      "head_world": [
        0.0,
        0.006593942642211914,
        1.2384999990463257
      ],
      "tail_world": [
        0.0,
        0.006593945901840925,
        1.2837862968444824
      ],
      "length": 0.04528630152344704,
      "roll": null,
      "matrix_local": [
        [
          1.0,
          0.0,
          0.0,
          0.0
        ],
        [
          0.0,
          0.9999998211860657,
          0.0,
          1.2384998798370361
        ],
        [
          0.0,
          0.0,
          1.0,
          -0.006593849044293165
        ],
        [
          0.0,
          0.0,
          0.0,
          1.0
        ]
      ]
    },
    {
      "name": "cf_j_spine03",
      "basename": "cf_j_spine03",
      "parent": "cf_j_spine02",
      "children": [
        "cf_d_bust00",
        "cf_d_shoulder_L",
        "cf_d_shoulder_R",
        "cf_j_neck",
        "cf_s_spine03"
      ],
      "index": 6,
      "use_connect": false,
      "use_deform": true,
      "head_local": [
        0.0,
        1.3284999132156372,
        -0.01676223985850811
      ],
      "tail_local": [
        0.0,
        1.3890680074691772,
        -0.01676223985850811
      ],
      "head_world": [
        0.0,
        0.01676234044134617,
        1.3284999132156372
      ],
      "tail_world": [
        0.0,
        0.016762344166636467,
        1.3890680074691772
      ],
      "length": 0.060568105429410934,
      "roll": null,
      "matrix_local": [
        [
          1.0,
          0.0,
          0.0,
          0.0
        ],
        [
          0.0,
          0.9999998211860657,
          0.0,
          1.3284997940063477
        ],
        [
          0.0,
          0.0,
          1.0,
          -0.01676223985850811
        ],
        [
          0.0,
          0.0,
          0.0,
          1.0
        ]
      ]
    },
    {
      "name": "cf_d_bust00",
      "basename": "cf_d_bust00",
      "parent": "cf_j_spine03",
      "children": [
        "cf_s_bust00_L",
        "cf_s_bust00_R"
      ],
      "index": 7,
      "use_connect": false,
      "use_deform": true,
      "head_local": [
        0.0,
        1.3203999996185303,
        -0.01676223985850811
      ],
      "tail_local": [
        0.0,
        1.330399990081787,
        -0.01676223985850811
      ],
      "head_world": [
        0.0,
        0.01676234044134617,
        1.3203999996185303
      ],
      "tail_world": [
        0.0,
        0.01676234044134617,
        1.330399990081787
      ],
      "length": 0.009999990463256836,
      "roll": null,
      "matrix_local": [
        [
          1.0,
          0.0,
          0.0,
          0.0
        ],
        [
          0.0,
          0.9999998211860657,
          0.0,
          1.3203998804092407
        ],
        [
          0.0,
          0.0,
          1.0,
          -0.01676223985850811
        ],
        [
          0.0,
          0.0,
          0.0,
          1.0
        ]
      ]
    },
    {
      "name": "cf_s_bust00_L",
      "basename": "cf_s_bust00_L",
      "parent": "cf_d_bust00",
      "children": [
        "cf_d_bust01_L"
      ],
      "index": 8,
      "use_connect": false,
      "use_deform": true,
      "head_local": [
        0.0,
        1.3203999996185303,
        -0.01676223985850811
      ],
      "tail_local": [
        0.0,
        1.393847942352295,
        -0.01676223985850811
      ],
      "head_world": [
        0.0,
        0.01676234044134617,
        1.3203999996185303
      ],
      "tail_world": [
        0.0,
        0.016762344166636467,
        1.393847942352295
      ],
      "length": 0.07344795763492584,
      "roll": null,
      "matrix_local": [
        [
          1.0,
          0.0,
          0.0,
          0.0
        ],
        [
          0.0,
          0.9999998211860657,
          0.0,
          1.3203998804092407
        ],
        [
          0.0,
          0.0,
          1.0,
          -0.01676223985850811
        ],
        [
          0.0,
          0.0,
          0.0,
          1.0
        ]
      ]
    },
    {
      "name": "cf_d_bust01_L",
      "basename": "cf_d_bust01_L",
      "parent": "cf_s_bust00_L",
      "children": [
        "cf_j_bust01_L"
      ],
      "index": 9,
      "use_connect": false,
      "use_deform": true,
      "head_local": [
        0.0575999952852726,
        1.323099970817566,
        0.028730018064379692
      ],
      "tail_local": [
        0.05722471699118614,
        1.3330451250076294,
        0.027754424139857292
      ],
      "head_world": [
        0.0575999952852726,
        -0.028729917481541634,
        1.323099970817566
      ],
      "tail_world": [
        0.05722471699118614,
        -0.027754323557019234,
        1.3330451250076294
      ],
      "length": 0.009999935515224934,
      "roll": null,
      "matrix_local": [
        [
          0.9333299398422241,
          -0.03752806782722473,
          0.35705283284187317,
          0.0575999952852726
        ],
        [
          1.0972323849500754e-07,
          0.9945216774940491,
          0.1045289933681488,
          1.3230998516082764
        ],
        [
          -0.3590196669101715,
          -0.09756002575159073,
          0.9282170534133911,
          0.028730018064379692
        ],
        [
          0.0,
          0.0,
          0.0,
          1.0
        ]
      ]
    },
    {
      "name": "cf_j_bust01_L",
      "basename": "cf_j_bust01_L",
      "parent": "cf_d_bust01_L",
      "children": [
        "cf_d_bust02_L",
        "cf_s_bust01_L"
      ],
      "index": 10,
      "use_connect": false,
      "use_deform": true,
      "head_local": [
        0.0575999952852726,
        1.323099970817566,
        0.028730010613799095
      ],
      "tail_local": [
        0.057055842131376266,
        1.3375205993652344,
        0.027315394952893257
      ],
      "head_world": [
        0.0575999952852726,
        -0.028729910030961037,
        1.323099970817566
      ],
      "tail_world": [
        0.057055842131376266,
        -0.0273152943700552,
        1.3375205993652344
      ],
      "length": 0.01450006291270256,
      "roll": null,
      "matrix_local": [
        [
          0.9333299398422241,
          -0.037527646869421005,
          0.35705286264419556,
          0.0575999952852726
        ],
        [
          -1.503653201950783e-08,
          0.9945217370986938,
          0.10452814400196075,
          1.3230998516082764
        ],
        [
          -0.3590196669101715,
          -0.09755928069353104,
          0.9282171130180359,
          0.028730012476444244
        ],
        [
          0.0,
          0.0,
          0.0,
          1.0
        ]
      ]
    },
    {
      "name": "cf_d_bust02_L",
      "basename": "cf_d_bust02_L",
      "parent": "cf_j_bust01_L",
      "children": [
        "cf_j_bust02_L"
      ],
      "index": 11,
      "use_connect": false,
      "use_deform": true,
      "head_local": [
        0.06795452535152435,
        1.3261312246322632,
        0.05564829707145691
      ],
      "tail_local": [
        0.0675792470574379,
        1.3360763788223267,
        0.05467270314693451
      ],
      "head_world": [
        0.06795452535152435,
        -0.05564819648861885,
        1.3261312246322632
      ],
      "tail_world": [
        0.0675792470574379,
        -0.05467260256409645,
        1.3360763788223267
      ],
      "length": 0.009999937377870083,
      "roll": null,
      "matrix_local": [
        [
          0.9333299398422241,
          -0.037528086453676224,
          0.3570528030395508,
          0.06795452535152435
        ],
        [
          1.7332394008917618e-07,
          0.9945216774940491,
          0.10452888160943985,
          1.3261311054229736
        ],
        [
          -0.3590196669101715,
          -0.09755990654230118,
          0.9282170534133911,
          0.05564830079674721
        ],
        [
          0.0,
          0.0,
          0.0,
          1.0
        ]
      ]
    },
    {
      "name": "cf_j_bust02_L",
      "basename": "cf_j_bust02_L",
      "parent": "cf_d_bust02_L",
      "children": [
        "cf_d_bust03_L",
        "cf_s_bust02_L"
      ],
      "index": 12,
      "use_connect": false,
      "use_deform": true,
      "head_local": [
        0.06795452535152435,
        1.3261312246322632,
        0.0556483194231987
      ],
      "tail_local": [
        0.06746666133403778,
        1.3390600681304932,
        0.05438004434108734
      ],
      "head_world": [
        0.06795452535152435,
        -0.05564821884036064,
        1.3261312246322632
      ],
      "tail_world": [
        0.06746666133403778,
        -0.05437994375824928,
        1.3390600681304932
      ],
      "length": 0.013000060804188251,
      "roll": null,
      "matrix_local": [
        [
          0.9333299398422241,
          -0.03752782195806503,
          0.35705286264419556,
          0.06795452535152435
        ],
        [
          1.9303018916616566e-07,
          0.9945216774940491,
          0.10452809929847717,
          1.3261311054229736
        ],
        [
          -0.3590196967124939,
          -0.09755916148424149,
          0.9282171130180359,
          0.055648323148489
        ],
        [
          0.0,
          0.0,
          0.0,
          1.0
        ]
      ]
    },
    {
      "name": "cf_d_bust03_L",
      "basename": "cf_d_bust03_L",
      "parent": "cf_j_bust02_L",
      "children": [
        "cf_j_bust03_L"
      ],
      "index": 13,
      "use_connect": false,
      "use_deform": true,
      "head_local": [
        0.07723789662122726,
        1.3288488388061523,
        0.07978197187185287
      ],
      "tail_local": [
        0.07686261832714081,
        1.3387939929962158,
        0.07880637794733047
      ],
      "head_world": [
        0.07723789662122726,
        -0.07978187501430511,
        1.3288488388061523
      ],
      "tail_world": [
        0.07686261832714081,
        -0.07880627363920212,
        1.3387939929962158
      ],
      "length": 0.009999938309192657,
      "roll": null,
      "matrix_local": [
        [
          0.9333299398422241,
          -0.03752800077199936,
          0.3570528030395508,
          0.07723789662122726
        ],
        [
          1.0352277257652531e-07,
          0.9945216178894043,
          0.10452883690595627,
          1.3288487195968628
        ],
        [
          -0.3590196669101715,
          -0.09755988419055939,
          0.9282170534133911,
          0.07978197932243347
        ],
        [
          0.0,
          0.0,
          0.0,
          1.0
        ]
      ]
    },
    {
      "name": "cf_j_bust03_L",
      "basename": "cf_j_bust03_L",
      "parent": "cf_d_bust03_L",
      "children": [
        "cf_d_bnip01_L",
        "cf_s_bust03_L"
      ],
      "index": 14,
      "use_connect": false,
      "use_deform": true,
      "head_local": [
        0.07723788917064667,
        1.328848958015442,
        0.0797819271683693
      ],
      "tail_local": [
        0.07686261087656021,
        1.3387941122055054,
        0.0788063332438469
      ],
      "head_world": [
        0.07723788917064667,
        -0.07978183031082153,
        1.328848958015442
      ],
      "tail_world": [
        0.07686261087656021,
        -0.07880622893571854,
        1.3387941122055054
      ],
      "length": 0.009999938309192657,
      "roll": null,
      "matrix_local": [
        [
          0.9333299398422241,
          -0.03752807155251503,
          0.3570528030395508,
          0.07723789662122726
        ],
        [
          1.2516751723978814e-07,
          0.9945216178894043,
          0.10452897846698761,
          1.3288488388061523
        ],
        [
          -0.3590196669101715,
          -0.09756001085042953,
          0.9282170534133911,
          0.07978193461894989
        ],
        [
          0.0,
          0.0,
          0.0,
          1.0
        ]
      ]
    },
    {
      "name": "cf_d_bnip01_L",
      "basename": "cf_d_bnip01_L",
      "parent": "cf_j_bust03_L",
      "children": [
        "cf_j_bnip02root_L",
        "cf_s_bnip01_L",
        "cf_s_bnip015_L"
      ],
      "index": 15,
      "use_connect": false,
      "use_deform": true,
      "head_local": [
        0.08080842345952988,
        1.3298941850662231,
        0.08906413614749908
      ],
      "tail_local": [
        0.08043314516544342,
        1.3398393392562866,
        0.08808854222297668
      ],
      "head_world": [
        0.08080842345952988,
        -0.08906403928995132,
        1.3298941850662231
      ],
      "tail_world": [
        0.08043314516544342,
        -0.08808843791484833,
        1.3398393392562866
      ],
      "length": 0.009999938309192657,
      "roll": null,
      "matrix_local": [
        [
          0.9333299398422241,
          -0.03752804920077324,
          0.3570528030395508,
          0.08080843091011047
        ],
        [
          1.0201186739777768e-07,
          0.9945216178894043,
          0.10452897846698761,
          1.3298940658569336
        ],
        [
          -0.3590196669101715,
          -0.09756001830101013,
          0.9282170534133911,
          0.08906414359807968
        ],
        [
          0.0,
          0.0,
          0.0,
          1.0
        ]
      ]
    },
    {
      "name": "cf_j_bnip02root_L",
      "basename": "cf_j_bnip02root_L",
      "parent": "cf_d_bnip01_L",
      "children": [
        "cf_s_bnip02_L",
        "cf_s_bnip025_L"
      ],
      "index": 16,
      "use_connect": false,
      "use_deform": true,
      "head_local": [
        0.08187958598136902,
        1.3302078247070312,
        0.09184874594211578
      ],
      "tail_local": [
        0.08150430768728256,
        1.3401529788970947,
        0.09087315201759338
      ],
      "head_world": [
        0.08187958598136902,
        -0.09184864908456802,
        1.3302078247070312
      ],
      "tail_world": [
        0.08150430768728256,
        -0.09087304770946503,
        1.3401529788970947
      ],
      "length": 0.009999937377870083,
      "roll": null,
      "matrix_local": [
        [
          0.9333299398422241,
          -0.03752807155251503,
          0.3570528030395508,
          0.08187959343194962
        ],
        [
          1.2516751723978814e-07,
          0.9945216178894043,
          0.10452897846698761,
          1.3302077054977417
        ],
        [
          -0.3590196669101715,
          -0.09756001085042953,
          0.9282170534133911,
          0.09184875339269638
        ],
        [
          0.0,
          0.0,
          0.0,
          1.0
        ]
      ]
    },
    {
      "name": "cf_s_bnip02_L",
      "basename": "cf_s_bnip02_L",
      "parent": "cf_j_bnip02root_L",
      "children": [
        "cf_j_bnip02_L"
      ],
      "index": 17,
      "use_connect": false,
      "use_deform": true,
      "head_local": [
        0.08330778777599335,
        1.3306258916854858,
        0.09556162357330322
      ],
      "tail_local": [
        0.08293250948190689,
        1.3405710458755493,
        0.09458602964878082
      ],
      "head_world": [
        0.08330778777599335,
        -0.09556152671575546,
        1.3306258916854858
      ],
      "tail_world": [
        0.08293250948190689,
        -0.09458592534065247,
        1.3405710458755493
      ],
      "length": 0.009999937377870083,
      "roll": null,
      "matrix_local": [
        [
          0.9333299398422241,
          -0.03752807155251503,
          0.3570528030395508,
          0.08330779522657394
        ],
        [
          1.2516751723978814e-07,
          0.9945216178894043,
          0.10452897846698761,
          1.3306257724761963
        ],
        [
          -0.3590196669101715,
          -0.09756001085042953,
          0.9282170534133911,
          0.09556163102388382
        ],
        [
          0.0,
          0.0,
          0.0,
          1.0
        ]
      ]
    },
    {
      "name": "cf_j_bnip02_L",
      "basename": "cf_j_bnip02_L",
      "parent": "cf_s_bnip02_L",
      "children": [],
      "index": 18,
      "use_connect": false,
      "use_deform": true,
      "head_local": [
        0.08330780267715454,
        1.3306257724761963,
        0.09556166082620621
      ],
      "tail_local": [
        0.08293252438306808,
        1.3405709266662598,
        0.09458606690168381
      ],
      "head_world": [
        0.08330780267715454,
        -0.09556156396865845,
        1.3306257724761963
      ],
      "tail_world": [
        0.08293252438306808,
        -0.09458596259355545,
        1.3405709266662598
      ],
      "length": 0.009999938309192657,
      "roll": null,
      "matrix_local": [
        [
          0.9333299994468689,
          -0.03752807155251503,
          0.35705268383026123,
          0.08330781012773514
        ],
        [
          1.3959814282316074e-07,
          0.9945216178894043,
          0.10452897846698761,
          1.3306256532669067
        ],
        [
          -0.35901954770088196,
          -0.09756001085042953,
          0.9282171130180359,
          0.0955616682767868
        ],
        [
          0.0,
          0.0,
          0.0,
          1.0
        ]
      ]
    },
    {
      "name": "cf_s_bnip025_L",
      "basename": "cf_s_bnip025_L",
      "parent": "cf_j_bnip02root_L",
      "children": [],
      "index": 19,
      "use_connect": false,
      "use_deform": true,
      "head_local": [
        0.09025795757770538,
        1.333187222480774,
        0.10048936307430267
      ],
      "tail_local": [
        0.08996731787919998,
        1.3431428670883179,
        0.09959480166435242
      ],
      "head_world": [
        0.09025795757770538,
        -0.10048925876617432,
        1.333187222480774
      ],
      "tail_world": [
        0.08996731787919998,
        -0.09959469735622406,
        1.3431428670883179
      ],
      "length": 0.00999998115003109,
      "roll": null,
      "matrix_local": [
        [
          0.946715235710144,
          -0.029064185917377472,
          0.3207572400569916,
          0.09025797247886658
        ],
        [
          -0.001301339827477932,
          0.9955663681030273,
          0.094050332903862,
          1.3331871032714844
        ],
        [
          -0.3220687806606293,
          -0.08945633471012115,
          0.9424803256988525,
          0.10048937052488327
        ],
        [
          0.0,
          0.0,
          0.0,
          1.0
        ]
      ]
    },
    {
      "name": "cf_s_bnip01_L",
      "basename": "cf_s_bnip01_L",
      "parent": "cf_d_bnip01_L",
      "children": [],
      "index": 20,
      "use_connect": false,
      "use_deform": true,
      "head_local": [
        0.08080842345952988,
        1.3298944234848022,
        0.0890641137957573
      ],
      "tail_local": [
        0.08043314516544342,
        1.3398395776748657,
        0.0880885198712349
      ],
      "head_world": [
        0.08080842345952988,
        -0.08906401693820953,
        1.3298944234848022
      ],
      "tail_world": [
        0.08043314516544342,
        -0.08808841556310654,
        1.3398395776748657
      ],
      "length": 0.009999937377870083,
      "roll": null,
      "matrix_local": [
        [
          0.9333299994468689,
          -0.03752807155251503,
          0.35705268383026123,
          0.08080843091011047
        ],
        [
          1.3841609813880495e-07,
          0.9945216178894043,
          0.10452897101640701,
          1.3298943042755127
        ],
        [
          -0.35901954770088196,
          -0.09756000339984894,
          0.9282171130180359,
          0.08906412124633789
        ],
        [
          0.0,
          0.0,
          0.0,
          1.0
        ]
      ]
    },
    {
      "name": "cf_s_bnip015_L",
      "basename": "cf_s_bnip015_L",
      "parent": "cf_d_bnip01_L",
      "children": [],
      "index": 21,
      "use_connect": false,
      "use_deform": true,
      "head_local": [
        0.08170105516910553,
        1.3301557302474976,
        0.091384656727314
      ],
      "tail_local": [
        0.08132577687501907,
        1.340100884437561,
        0.0904090628027916
      ],
      "head_world": [
        0.08170105516910553,
        -0.09138455986976624,
        1.3301557302474976
      ],
      "tail_world": [
        0.08132577687501907,
        -0.09040895849466324,
        1.340100884437561
      ],
      "length": 0.009999937377870083,
      "roll": null,
      "matrix_local": [
        [
          0.9333299994468689,
          -0.03752806410193443,
          0.35705268383026123,
          0.08170106261968613
        ],
        [
          1.318394424743019e-07,
          0.9945216178894043,
          0.10452897846698761,
          1.330155611038208
        ],
        [
          -0.35901954770088196,
          -0.09756001085042953,
          0.9282171130180359,
          0.09138466417789459
        ],
        [
          0.0,
          0.0,
          0.0,
          1.0
        ]
      ]
    },
    {
      "name": "cf_s_bust03_L",
      "basename": "cf_s_bust03_L",
      "parent": "cf_j_bust03_L",
      "children": [],
      "index": 22,
      "use_connect": false,
      "use_deform": true,
      "head_local": [
        0.07723789662122726,
        1.328848958015442,
        0.07978198677301407
      ],
      "tail_local": [
        0.07686261832714081,
        1.3387941122055054,
        0.07880639284849167
      ],
      "head_world": [
        0.07723789662122726,
        -0.07978188991546631,
        1.328848958015442
      ],
      "tail_world": [
        0.07686261832714081,
        -0.07880628854036331,
        1.3387941122055054
      ],
      "length": 0.009999937377870083,
      "roll": null,
      "matrix_local": [
        [
          0.9333299994468689,
          -0.03752807155251503,
          0.35705268383026123,
          0.07723790407180786
        ],
        [
          1.3861139791515598e-07,
          0.9945216178894043,
          0.10452897846698761,
          1.3288488388061523
        ],
        [
          -0.35901954770088196,
          -0.09756001085042953,
          0.9282171130180359,
          0.07978199422359467
        ],
        [
          0.0,
          0.0,
          0.0,
          1.0
        ]
      ]
    },
    {
      "name": "cf_s_bust02_L",
      "basename": "cf_s_bust02_L",
      "parent": "cf_j_bust02_L",
      "children": [],
      "index": 23,
      "use_connect": false,
      "use_deform": true,
      "head_local": [
        0.06795453280210495,
        1.3261313438415527,
        0.05564833804965019
      ],
      "tail_local": [
        0.06746666878461838,
        1.3390601873397827,
        0.054380062967538834
      ],
      "head_world": [
        0.06795453280210495,
        -0.055648237466812134,
        1.3261313438415527
      ],
      "tail_world": [
        0.06746666878461838,
        -0.054379962384700775,
        1.3390601873397827
      ],
      "length": 0.0130000626668334,
      "roll": null,
      "matrix_local": [
        [
          0.9333299994468689,
          -0.03752782940864563,
          0.3570527136325836,
          0.06795453280210495
        ],
        [
          2.1492769519682042e-07,
          0.9945216774940491,
          0.10452809929847717,
          1.3261312246322632
        ],
        [
          -0.35901954770088196,
          -0.09755916148424149,
          0.9282171726226807,
          0.05564834177494049
        ],
        [
          0.0,
          0.0,
          0.0,
          1.0
        ]
      ]
    },
    {
      "name": "cf_s_bust01_L",
      "basename": "cf_s_bust01_L",
      "parent": "cf_j_bust01_L",
      "children": [],
      "index": 24,
      "use_connect": false,
      "use_deform": true,
      "head_local": [
        0.057600002735853195,
        1.3230998516082764,
        0.028730014339089394
      ],
      "tail_local": [
        0.05705584958195686,
        1.3375204801559448,
        0.027315398678183556
      ],
      "head_world": [
        0.057600002735853195,
        -0.028729913756251335,
        1.3230998516082764
      ],
      "tail_world": [
        0.05705584958195686,
        -0.027315298095345497,
        1.3375204801559448
      ],
      "length": 0.01450006291270256,
      "roll": null,
      "matrix_local": [
        [
          0.9333299994468689,
          -0.03752764314413071,
          0.357052743434906,
          0.057600002735853195
        ],
        [
          -8.520444794157811e-09,
          0.9945217370986938,
          0.10452813655138016,
          1.3230997323989868
        ],
        [
          -0.35901954770088196,
          -0.09755927324295044,
          0.9282171726226807,
          0.028730016201734543
        ],
        [
          0.0,
          0.0,
          0.0,
          1.0
        ]
      ]
    },
    {
      "name": "cf_s_bust00_R",
      "basename": "cf_s_bust00_R",
      "parent": "cf_d_bust00",
      "children": [
        "cf_d_bust01_R"
      ],
      "index": 25,
      "use_connect": false,
      "use_deform": true,
      "head_local": [
        0.0,
        1.3203999996185303,
        -0.01676223985850811
      ],
      "tail_local": [
        0.0,
        1.393847942352295,
        -0.01676223985850811
      ],
      "head_world": [
        0.0,
        0.01676234044134617,
        1.3203999996185303
      ],
      "tail_world": [
        0.0,
        0.016762344166636467,
        1.393847942352295
      ],
      "length": 0.07344795763492584,
      "roll": null,
      "matrix_local": [
        [
          1.0,
          0.0,
          0.0,
          0.0
        ],
        [
          0.0,
          0.9999998211860657,
          0.0,
          1.3203998804092407
        ],
        [
          0.0,
          0.0,
          1.0,
          -0.01676223985850811
        ],
        [
          0.0,
          0.0,
          0.0,
          1.0
        ]
      ]
    },
    {
      "name": "cf_d_bust01_R",
      "basename": "cf_d_bust01_R",
      "parent": "cf_s_bust00_R",
      "children": [
        "cf_j_bust01_R"
      ],
      "index": 26,
      "use_connect": false,
      "use_deform": true,
      "head_local": [
        -0.0575999952852726,
        1.323099970817566,
        0.028730018064379692
      ],
      "tail_local": [
        -0.05722471699118614,
        1.3330451250076294,
        0.027754424139857292
      ],
      "head_world": [
        -0.0575999952852726,
        -0.028729917481541634,
        1.323099970817566
      ],
      "tail_world": [
        -0.05722471699118614,
        -0.027754323557019234,
        1.3330451250076294
      ],
      "length": 0.009999935515224934,
      "roll": null,
      "matrix_local": [
        [
          0.9333299398422241,
          0.03752806782722473,
          -0.35705283284187317,
          -0.0575999952852726
        ],
        [
          -1.0972323849500754e-07,
          0.9945216774940491,
          0.1045289933681488,
          1.3230998516082764
        ],
        [
          0.3590196669101715,
          -0.09756002575159073,
          0.9282170534133911,
          0.028730018064379692
        ],
        [
          0.0,
          0.0,
          0.0,
          1.0
        ]
      ]
    },
    {
      "name": "cf_j_bust01_R",
      "basename": "cf_j_bust01_R",
      "parent": "cf_d_bust01_R",
      "children": [
        "cf_d_bust02_R",
        "cf_s_bust01_R"
      ],
      "index": 27,
      "use_connect": false,
      "use_deform": true,
      "head_local": [
        -0.0575999952852726,
        1.323099970817566,
        0.028730010613799095
      ],
      "tail_local": [
        -0.057055842131376266,
        1.3375205993652344,
        0.027315394952893257
      ],
      "head_world": [
        -0.0575999952852726,
        -0.028729910030961037,
        1.323099970817566
      ],
      "tail_world": [
        -0.057055842131376266,
        -0.0273152943700552,
        1.3375205993652344
      ],
      "length": 0.01450006291270256,
      "roll": null,
      "matrix_local": [
        [
          0.9333299398422241,
          0.037527646869421005,
          -0.35705286264419556,
          -0.0575999952852726
        ],
        [
          1.503653201950783e-08,
          0.9945217370986938,
          0.10452814400196075,
          1.3230998516082764
        ],
        [
          0.3590196669101715,
          -0.09755928069353104,
          0.9282171130180359,
          0.028730012476444244
        ],
        [
          0.0,
          0.0,
          0.0,
          1.0
        ]
      ]
    },
    {
      "name": "cf_d_bust02_R",
      "basename": "cf_d_bust02_R",
      "parent": "cf_j_bust01_R",
      "children": [
        "cf_j_bust02_R"
      ],
      "index": 28,
      "use_connect": false,
      "use_deform": true,
      "head_local": [
        -0.06795452535152435,
        1.3261312246322632,
        0.05564829707145691
      ],
      "tail_local": [
        -0.0675792470574379,
        1.3360763788223267,
        0.05467270314693451
      ],
      "head_world": [
        -0.06795452535152435,
        -0.05564819648861885,
        1.3261312246322632
      ],
      "tail_world": [
        -0.0675792470574379,
        -0.05467260256409645,
        1.3360763788223267
      ],
      "length": 0.009999937377870083,
      "roll": null,
      "matrix_local": [
        [
          0.9333299398422241,
          0.037528086453676224,
          -0.3570528030395508,
          -0.06795452535152435
        ],
        [
          -1.7332394008917618e-07,
          0.9945216774940491,
          0.10452888160943985,
          1.3261311054229736
        ],
        [
          0.3590196669101715,
          -0.09755990654230118,
          0.9282170534133911,
          0.05564830079674721
        ],
        [
          0.0,
          0.0,
          0.0,
          1.0
        ]
      ]
    },
    {
      "name": "cf_j_bust02_R",
      "basename": "cf_j_bust02_R",
      "parent": "cf_d_bust02_R",
      "children": [
        "cf_d_bust03_R",
        "cf_s_bust02_R"
      ],
      "index": 29,
      "use_connect": false,
      "use_deform": true,
      "head_local": [
        -0.06795452535152435,
        1.3261312246322632,
        0.0556483194231987
      ],
      "tail_local": [
        -0.06746666133403778,
        1.3390600681304932,
        0.05438004434108734
      ],
      "head_world": [
        -0.06795452535152435,
        -0.05564821884036064,
        1.3261312246322632
      ],
      "tail_world": [
        -0.06746666133403778,
        -0.05437994375824928,
        1.3390600681304932
      ],
      "length": 0.013000060804188251,
      "roll": null,
      "matrix_local": [
        [
          0.9333299398422241,
          0.03752782195806503,
          -0.35705286264419556,
          -0.06795452535152435
        ],
        [
          -1.9303018916616566e-07,
          0.9945216774940491,
          0.10452809929847717,
          1.3261311054229736
        ],
        [
          0.3590196967124939,
          -0.09755916148424149,
          0.9282171130180359,
          0.055648323148489
        ],
        [
          0.0,
          0.0,
          0.0,
          1.0
        ]
      ]
    },
    {
      "name": "cf_d_bust03_R",
      "basename": "cf_d_bust03_R",
      "parent": "cf_j_bust02_R",
      "children": [
        "cf_j_bust03_R"
      ],
      "index": 30,
      "use_connect": false,
      "use_deform": true,
      "head_local": [
        -0.07723789662122726,
        1.3288488388061523,
        0.07978197187185287
      ],
      "tail_local": [
        -0.07686261832714081,
        1.3387939929962158,
        0.07880637794733047
      ],
      "head_world": [
        -0.07723789662122726,
        -0.07978187501430511,
        1.3288488388061523
      ],
      "tail_world": [
        -0.07686261832714081,
        -0.07880627363920212,
        1.3387939929962158
      ],
      "length": 0.009999938309192657,
      "roll": null,
      "matrix_local": [
        [
          0.9333299398422241,
          0.03752800077199936,
          -0.3570528030395508,
          -0.07723789662122726
        ],
        [
          -1.0352277257652531e-07,
          0.9945216178894043,
          0.10452883690595627,
          1.3288487195968628
        ],
        [
          0.3590196669101715,
          -0.09755988419055939,
          0.9282170534133911,
          0.07978197932243347
        ],
        [
          0.0,
          0.0,
          0.0,
          1.0
        ]
      ]
    },
    {
      "name": "cf_j_bust03_R",
      "basename": "cf_j_bust03_R",
      "parent": "cf_d_bust03_R",
      "children": [
        "cf_d_bnip01_R",
        "cf_s_bust03_R"
      ],
      "index": 31,
      "use_connect": false,
      "use_deform": true,
      "head_local": [
        -0.07723788917064667,
        1.328848958015442,
        0.0797819271683693
      ],
      "tail_local": [
        -0.07686261087656021,
        1.3387941122055054,
        0.0788063332438469
      ],
      "head_world": [
        -0.07723788917064667,
        -0.07978183031082153,
        1.328848958015442
      ],
      "tail_world": [
        -0.07686261087656021,
        -0.07880622893571854,
        1.3387941122055054
      ],
      "length": 0.009999938309192657,
      "roll": null,
      "matrix_local": [
        [
          0.9333299398422241,
          0.03752807155251503,
          -0.3570528030395508,
          -0.07723789662122726
        ],
        [
          -1.2516751723978814e-07,
          0.9945216178894043,
          0.10452897846698761,
